255 255 255 255 255 255   0   0 255   0 255 255 255 255 255 255
255 255 255 255   0   0 255 255 255 255 255 255 255 255 255 255
255 255 255   0   0 255 255 255 255 255 255 255 255 255 255 255
255 255   0   0 255 255 255   0   0 255 255 255 255 255 255 255
255   0   0   0 255 255 255   0   0 255 255 255 255 255 255 255
255   0   0   0   0 255 255 255 255 255 255 255 255 255 255 255
  0   0   0   0   0 255 255 255 255 255 255 255 255 255 255 254
  0   0   0   0   0   0 255 255 255 255 255 255 255 255 255 255
  0   0   0   0   0   0   0   0   0   0 255 255 255 255 255 255
  0   0   0   0   0   0   0   0   0   0   0 255 255 255 255 255
255   0   0   0   0   0   0   0   0   0   0 255 255 255 255 255
255   0   0   0   0   0   0 255 255   0   0   0 255 255 255 255
255 255   0   0   0   0   0 255 255   0   0   0 255 255 255 255
255 255 255   0   0   0   0   0   0   0   0 255 255 254 255 255
255 255 255 255   0   0   0   0   0   0 255 255 255 255 255 255
255 255 255 255 255 255   0   0 255   0 255 255 255 255 255 255
255 255 255 255 255 255   0   0 255   0 255 255 255 255 255 255
255 255 255 255   0   0 255 255 255 255 255 255 255 255 255 255
255 255 255   0   0 255 255 255 255 255 255 255 255 255 255 255
255 255   0   0 255 255 255   0   0 255 255 255 255 255 255 255
255   0   0   0 255 255 255   0   0 255 255 255 255 255 255 255
255   0   0   0   0 255 255 255 255 255 255 255 255 255 255 255
  0   0   0   0   0 255 255 255 255 255 255 255 255 255 255 254
  0   0   0   0   0   0 255 255 255 255 255 255 255 255 255 255
  0   0   0   0   0   0   0   0   0   0 255 255 255 255 255 255
  0   0   0   0   0   0   0   0   0   0   0 255 255 255 255 255
255   0   0   0   0   0   0   0   0   0   0 255 255 255 255 255
255   0   0   0   0   0   0 255 255   0   0   0 255 255 255 255
255 255   0   0   0   0   0 255 255   0   0   0 255 255 255 255
255 255 255   0   0   0   0   0   0   0   0 255 255 254 255 255
255 255 255 255   0   0   0   0   0   0 255 255 255 255 255 255
255 255 255 255 255 255   0   0 255   0 255 255 255 255 255 255
255 255 255 255 255 255   0   0 255   0 255 255 255 255 255 255
255 255 255 255   0   0 255 255 255 255 255 255 255 255 255 255
255 255 255   0   0 255 255 255 255 255 255 255 255 255 255 255
255 255   0   0 255 255 255   0   0 255 255 255 255 255 255 255
255   0   0   0 255 255 255   0   0 255 255 255 255 255 255 255
255   0   0   0   0 255 255 255 255 255 255 255 255 255 255 255
  0   0   0   0   0 255 255 255 255 255 255 255 255 255 255 254
  0   0   0   0   0   0 255 255 255 255 255 255 255 255 255 255
  0   0   0   0   0   0   0   0   0   0 255 255 255 255 255 255
  0   0   0   0   0   0   0   0   0   0   0 255 255 255 255 255
255   0   0   0   0   0   0   0   0   0   0 255 255 255 255 255
255   0   0   0   0   0   0 255 255   0   0   0 255 255 255 255
255 255   0   0   0   0   0 255 255   0   0   0 255 255 255 255
255 255 255   0   0   0   0   0   0   0   0 255 255 254 255 255
255 255 255 255   0   0   0   0   0   0 255 255 255 255 255 255
255 255 255 255 255 255   0   0 255   0 255 255 255 255 255 255

255 255 255 255 255 255 254 255 255 255 255 255 255 255 255 255
255 255 255 255 255 255 255 255 255 255 255 255 255 255 255 255
255 255 255 255 255 255 255 255 255 255 255 255 255 254 255 255
255 255 255 255 255 255 255 255 255 255 255 255 255 255 255 255
255 255 255 255 255 255 255 255 255 255 255   0   0 255 255 255
255 255 255 255 255 255 255 255 255   0   0   0   0   0 255 255
  0 255 255 255 255 255 255 255   0   0   0   0   0   0   0   0
255 255 255   0   0 255 255 255   0   0   0 255 255   0   0 255
  0 255 255   0   0 255 255 255   0   0   0 255 255   0   0   0
  0 255 255 255 255 255 255 255   0   0   0   0   0   0   0   0
255   0 255 255 255 255 255   0   0   0   0   0   0   0   0 255
255   0   0 255 255   0   0   0   0   0   0   0   0   0   0 255
255 255   0   0   0   0   0   0   0   0   0   0   0   0 255 255
255 255 255   0   0   0   0   0   0   0   0   0   0 255 255 255
255 255 255 255   0   0   0   0   0   0   0   0 255 255 255 255
255 255 255 255 255 255   0   0   0   0 255 255 255 255 255 255
255 255 255 255 255 255 254 255 255 255 255 255 255 255 255 255
255 255 255 255 255 255 255 255 255 255 255 255 255 255 255 255
255 255 255 255 255 255 255 255 255 255 255 255 255 254 255 255
255 255 255 255 255 255 255 255 255 255 255 255 255 255 255 255
255 255 255 255 255 255 255 255 255 255 255   0   0 255 255 255
255 255 255 255 255 255 255 255 255   0   0   0   0   0 255 255
  0 255 255 255 255 255 255 255   0   0   0   0   0   0   0   0
255 255 255   0   0 255 255 255   0   0   0 255 255   0   0 255
  0 255 255   0   0 255 255 255   0   0   0 255 255   0   0   0
  0 255 255 255 255 255 255 255   0   0   0   0   0   0   0   0
255   0 255 255 255 255 255   0   0   0   0   0   0   0   0 255
255   0   0 255 255   0   0   0   0   0   0   0   0   0   0 255
255 255   0   0   0   0   0   0   0   0   0   0   0   0 255 255
255 255 255   0   0   0   0   0   0   0   0   0   0 255 255 255
255 255 255 255   0   0   0   0   0   0   0   0 255 255 255 255
255 255 255 255 255 255   0   0   0   0 255 255 255 255 255 255
255 255 255 255 255 255 254 255 255 255 255 255 255 255 255 255
255 255 255 255 255 255 255 255 255 255 255 255 255 255 255 255
255 255 255 255 255 255 255 255 255 255 255 255 255 254 255 255
255 255 255 255 255 255 255 255 255 255 255 255 255 255 255 255
255 255 255 255 255 255 255 255 255 255 255   0   0 255 255 255
255 255 255 255 255 255 255 255 255   0   0   0   0   0 255 255
  0 255 255 255 255 255 255 255   0   0   0   0   0   0   0   0
255 255 255   0   0 255 255 255   0   0   0 255 255   0   0 255
  0 255 255   0   0 255 255 255   0   0   0 255 255   0   0   0
  0 255 255 255 255 255 255 255   0   0   0   0   0   0   0   0
255   0 255 255 255 255 255   0   0   0   0   0   0   0   0 255
255   0   0 255 255   0   0   0   0   0   0   0   0   0   0 255
255 255   0   0   0   0   0   0   0   0   0   0   0   0 255 255
255 255 255   0   0   0   0   0   0   0   0   0   0 255 255 255
255 255 255 255   0   0   0   0   0   0   0   0 255 255 255 255
255 255 255 255 255 255   0   0   0   0 255 255 255 255 255 255

255 255 255 253 231 213 128  60  34  51 118 212 253 255 255 255
255 255 247 221 232  73   0   0   0   0   0   8 124 244 255 255
255 247 224 254 148   0   6  67  14   0   0   0   0  89 245 255
253 224 255 251  51   0 102 254 179   1   0   0   0   0 129 254
234 247 255 251  45   0  63 230 123   0   0   0   0   0  10 218
228 255 255 255 126   0   0   1   0   0   0   0   0   0   0 129
232 255 255 255 237  27   0   0   0   0   0   0   0   0   0  64
238 255 255 255 255 241  78   8   3   0   0   0   0   0   0  36
238 255 255 255 255 255 255 251 243 170  11   0   0   0   0  36
230 255 255 255 255 255 255 255 255 255 223  15   0   0   0  65
225 255 255 255 255 255 255 251 254 255 255 110   0   0   0 131
232 245 255 255 255 255 194  19 107 254 255 186   1   0  11 219
253 219 255 255 255 255 169   0  67 253 255 164   0   0 133 254
255 246 218 254 255 255 251 196 240 255 254  69   0  94 245 255
255 255 246 217 241 255 255 255 255 254 164  16 129 245 255 255
255 255 255 253 230 219 219 224 204 152 130 215 254 255 255 255
255 255 255 253 231 213 128  60  34  51 118 212 253 255 255 255
255 255 247 221 232  73   0   0   0   0   0   8 124 244 255 255
255 247 224 254 148   0   6  67  14   0   0   0   0  89 245 255
253 224 255 251  51   0 102 254 179   1   0   0   0   0 129 254
234 247 255 251  45   0  63 230 123   0   0   0   0   0  10 218
228 255 255 255 126   0   0   1   0   0   0   0   0   0   0 129
232 255 255 255 237  27   0   0   0   0   0   0   0   0   0  64
238 255 255 255 255 241  78   8   3   0   0   0   0   0   0  36
238 255 255 255 255 255 255 251 243 170  11   0   0   0   0  36
230 255 255 255 255 255 255 255 255 255 223  15   0   0   0  65
225 255 255 255 255 255 255 251 254 255 255 110   0   0   0 131
232 245 255 255 255 255 194  19 107 254 255 186   1   0  11 219
253 219 255 255 255 255 169   0  67 253 255 164   0   0 133 254
255 246 218 254 255 255 251 196 240 255 254  69   0  94 245 255
255 255 246 217 241 255 255 255 255 254 164  16 129 245 255 255
255 255 255 253 230 219 219 224 204 152 130 215 254 255 255 255
255 255 255 253 231 213 128  60  34  51 118 212 253 255 255 255
255 255 247 221 232  73   0   0   0   0   0   8 124 244 255 255
255 247 224 254 148   0   6  67  14   0   0   0   0  89 245 255
253 224 255 251  51   0 102 254 179   1   0   0   0   0 129 254
234 247 255 251  45   0  63 230 123   0   0   0   0   0  10 218
228 255 255 255 126   0   0   1   0   0   0   0   0   0   0 129
232 255 255 255 237  27   0   0   0   0   0   0   0   0   0  64
238 255 255 255 255 241  78   8   3   0   0   0   0   0   0  36
238 255 255 255 255 255 255 251 243 170  11   0   0   0   0  36
230 255 255 255 255 255 255 255 255 255 223  15   0   0   0  65
225 255 255 255 255 255 255 251 254 255 255 110   0   0   0 131
232 245 255 255 255 255 194  19 107 254 255 186   1   0  11 219
253 219 255 255 255 255 169   0  67 253 255 164   0   0 133 254
255 246 218 254 255 255 251 196 240 255 254  69   0  94 245 255
255 255 246 217 241 255 255 255 255 254 164  16 129 245 255 255
255 255 255 253 230 219 219 224 204 152 130 215 254 255 255 255

255 255 255 254 218 129  64  36  36  65 131 219 254 255 255 255
255 255 245 129  10   0   0   0   0   0   0  11 133 245 255 255
255 244  89   0   0   0   0   0   0   0   0   0   0  94 245 255
253 124   0   0   0   0   0   0   0   0   0   1   0   0 129 254
212   8   0   0   0   0   0   0   0  15 110 186 164  69  16 215
118   0   0   0   0   0   0   0  11 223 255 255 255 254 164 130
 51   0   0   1   0   0   0   0 170 255 255 254 253 255 254 152
 34   0  14 179 123   0   0   3 243 255 254 107  67 240 255 204
 60   0  67 254 230   1   0   8 251 255 251  19   0 196 255 224
128   0   6 102  63   0   0  78 255 255 255 194 169 251 255 219
213  73   0   0   0   0  27 241 255 255 255 255 255 255 255 219
231 232 148  51  45 126 237 255 255 255 255 255 255 255 241 230
253 221 254 251 251 255 255 255 255 255 255 255 255 254 217 253
255 247 224 255 255 255 255 255 255 255 255 255 255 218 246 255
255 255 247 224 247 255 255 255 255 255 255 245 219 246 255 255
255 255 255 253 234 228 232 238 238 230 225 232 253 255 255 255
255 255 255 254 218 129  64  36  36  65 131 219 254 255 255 255
255 255 245 129  10   0   0   0   0   0   0  11 133 245 255 255
255 244  89   0   0   0   0   0   0   0   0   0   0  94 245 255
253 124   0   0   0   0   0   0   0   0   0   1   0   0 129 254
212   8   0   0   0   0   0   0   0  15 110 186 164  69  16 215
118   0   0   0   0   0   0   0  11 223 255 255 255 254 164 130
 51   0   0   1   0   0   0   0 170 255 255 254 253 255 254 152
 34   0  14 179 123   0   0   3 243 255 254 107  67 240 255 204
 60   0  67 254 230   1   0   8 251 255 251  19   0 196 255 224
128   0   6 102  63   0   0  78 255 255 255 194 169 251 255 219
213  73   0   0   0   0  27 241 255 255 255 255 255 255 255 219
231 232 148  51  45 126 237 255 255 255 255 255 255 255 241 230
253 221 254 251 251 255 255 255 255 255 255 255 255 254 217 253
255 247 224 255 255 255 255 255 255 255 255 255 255 218 246 255
255 255 247 224 247 255 255 255 255 255 255 245 219 246 255 255
255 255 255 253 234 228 232 238 238 230 225 232 253 255 255 255
255 255 255 254 218 129  64  36  36  65 131 219 254 255 255 255
255 255 245 129  10   0   0   0   0   0   0  11 133 245 255 255
255 244  89   0   0   0   0   0   0   0   0   0   0  94 245 255
253 124   0   0   0   0   0   0   0   0   0   1   0   0 129 254
212   8   0   0   0   0   0   0   0  15 110 186 164  69  16 215
118   0   0   0   0   0   0   0  11 223 255 255 255 254 164 130
 51   0   0   1   0   0   0   0 170 255 255 254 253 255 254 152
 34   0  14 179 123   0   0   3 243 255 254 107  67 240 255 204
 60   0  67 254 230   1   0   8 251 255 251  19   0 196 255 224
128   0   6 102  63   0   0  78 255 255 255 194 169 251 255 219
213  73   0   0   0   0  27 241 255 255 255 255 255 255 255 219
231 232 148  51  45 126 237 255 255 255 255 255 255 255 241 230
253 221 254 251 251 255 255 255 255 255 255 255 255 254 217 253
255 247 224 255 255 255 255 255 255 255 255 255 255 218 246 255
255 255 247 224 247 255 255 255 255 255 255 245 219 246 255 255
255 255 255 253 234 228 232 238 238 230 225 232 253 255 255 255
